1 1 5.330000000000000e-01
1 2 4.930000000000000e-01
1 4 6.909999999999999e-01
1 3 6.950000000000000e-01
2 1 5.410000000000000e-01
2 2 4.810000000000000e-01
2 3 5.570000000000001e-01
2 4 5.560000000000000e-01
3 2 4.890000000000000e-01
3 1 4.920000000000000e-01
3 3 5.550000000000000e-01
3 4 5.580000000000001e-01
4 2 5.470000000000000e-01
4 1 4.810000000000000e-01
4 3 5.580000000000001e-01
4 4 5.580000000000001e-01
5 2 4.880000000000000e-01
5 1 5.110000000000000e-01
5 4 5.530000000000000e-01
5 3 5.580000000000001e-01
6 2 4.920000000000000e-01
6 1 4.900000000000000e-01
6 3 5.550000000000000e-01
6 4 5.590000000000001e-01
7 2 4.780000000000000e-01
7 1 5.060000000000000e-01
7 3 7.120000000000000e-01
7 4 7.080000000000000e-01
8 2 5.010000000000000e-01
8 1 5.110000000000000e-01
8 3 5.600000000000001e-01
8 4 5.669999999999999e-01
9 2 4.760000000000000e-01
9 1 4.730000000000000e-01
9 4 5.629999999999999e-01
9 3 5.540000000000000e-01
10 4 5.860000000000000e-01
10 2 4.970000000000000e-01
10 1 4.850000000000000e-01
10 3 5.590000000000001e-01
11 1 5.010000000000000e-01
11 2 4.900000000000000e-01
11 4 5.570000000000001e-01
11 3 5.550000000000000e-01
12 4 5.880000000000000e-01
12 2 4.830000000000000e-01
12 1 4.830000000000000e-01
12 3 5.600000000000001e-01
13 2 4.950000000000000e-01
13 1 4.900000000000000e-01
13 3 5.580000000000001e-01
13 4 5.639999999999999e-01
14 2 4.960000000000000e-01
14 1 5.040000000000000e-01
14 3 5.520000000000000e-01
14 4 5.540000000000000e-01
15 1 5.120000000000000e-01
15 2 4.840000000000000e-01
15 3 5.620000000000001e-01
15 4 5.610000000000001e-01
16 2 5.040000000000000e-01
16 4 5.550000000000000e-01
16 3 6.750000000000000e-01
16 1 7.030000000000000e-01
17 1 5.520000000000000e-01
17 2 4.930000000000000e-01
17 3 5.610000000000001e-01
17 4 5.669999999999999e-01
