1000 3.148000000000000e+00 2.039521706573177e-03
5000 3.155200000000000e+00 4.331352887096296e-03
10000 3.126400000000000e+00 4.835971834996844e-03
50000 3.147760000000000e+00 1.963127333888925e-03
100000 3.140600000000000e+00 3.159714511870026e-04
500000 3.140576000000000e+00 3.236108884554501e-04
1000000 3.142808000000000e+00 3.868567775069387e-04
5000000 3.141287200000000e+00 9.722889740149121e-05
10000000 3.141586000000000e+00 2.117903409648569e-06
50000000 3.141887840000000e+00 9.396075263601311e-05
100000000 3.141714680000000e+00 3.884221274441657e-05
500000000 3.141656672000000e+00 2.037769286666880e-05
1200000000 3.141628013333333e+00 1.125535594170834e-05
