100 1 0.000000000
100 2 0.000000000
100 3 0.000000000
100 4 0.000000000
100 5 0.000000000
2500 1 0.000000000
2500 2 0.000000000
2500 3 0.000000000
2500 4 0.000000000
2500 5 0.000000000
10000 1 0.000000000
10000 2 0.000000000
10000 3 0.000000000
10000 4 0.000000000
10000 5 0.000000000
250000 1 0.001598000
250000 2 0.001997000
250000 3 0.001000000
250000 4 0.000999000
250000 5 0.003003000
1000000 1 0.009538000
1000000 2 0.005471000
1000000 3 0.016588000
1000000 4 0.016992000
1000000 5 0.033997000
25000000 1 0.148671000
25000000 2 0.082532000
25000000 3 0.204001000
25000000 4 0.076998000
25000000 5 0.224002000
100000000 1 0.554721000
100000000 2 0.369984000
100000000 3 1.016209000
100000000 4 0.377155000
100000000 5 1.196825000
