1
4000 1.200742011577667e+02 8.958388748714161e-03 1.200742584666667e+02 8.934458249004023e-03
2
4000 6.193203996299999e+01 3.196434772339402e-02 1.238182333666667e+02 6.399733271309631e-02
3
4000 4.442750569480000e+01 3.642214248939167e-02 1.331981818333333e+02 1.091711830747527e-01
4
4000 3.651607527910001e+01 2.241925293857751e-02 1.459384166999999e+02 8.912458962959871e-02
5
4000 3.248702340623334e+01 1.020348532813984e-02 1.622666279000000e+02 5.081816053721379e-02
6
4000 2.959172898323333e+01 8.737203929604124e-03 1.772713443333333e+02 5.212238464693898e-02
7
4000 2.704995832006666e+01 2.238832968723931e-02 1.889143713666667e+02 1.564019145392833e-01
8
4000 2.439116043706667e+01 3.807292174193827e-02 1.947021493666667e+02 3.088326858089308e-01
9
4000 3.920776054736667e+01 2.270488151026995e-02 3.502707862333334e+02 2.068421591147138e-01
10
4000 3.570404218656667e+01 1.895019383584453e-02 3.546269772333334e+02 1.911845488794001e-01
11
4000 3.368185031176666e+01 1.274297817909053e-01 3.680750728333333e+02 1.350718684087123e+00
12
4000 3.088184114166668e+01 5.172157155025659e-02 3.685536994333333e+02 6.105594885893634e-01
13
4000 2.980417943350000e+01 1.193662965416403e-01 3.847121312666667e+02 1.547864738684611e+00
14
4000 2.757254136483333e+01 5.236484721040636e-02 3.836634131000000e+02 7.301380895569380e-01
15
4000 2.642067136766666e+01 7.956668721541066e-02 3.934728493333333e+02 1.144590137124421e+00
16
4000 2.554321174726666e+01 3.275960738700570e-02 4.013294932333334e+02 2.687216563097907e-01
