6.10266
-33.2842
-8.01699
2.66824
-24.4828
2.29485
-25.4996
-3.94273
-11.3095
-18.5145
-3.56057
17.2258
-12.0709
-1.5866
-32.3238
-12.5906
16.3386
18.1063
1.80138
-27.6025
-24.0101
-2.36311
18.559
2.80213
-25.3299
-2.06028
17.4782
3.69094
4.14858
-7.11507
-14.1881
-16.3896
17.7785
35.0944
-18.5057
-25.2437
17.2532
-2.76484
10.7275
4.51742
-22.2134
-14.6402
-19.7155
0.210193
-4.24454
-12.6732
-17.0649
9.31389
-17.4455
-18.8066
-32.2301
-11.371
3.33627
-17.214
-26.802
-23.0908
-32.9173
0.114238
-8.89172
-4.02066
-17.1608
-12.7229
17.3932
-32.7952
-20.0714
5.47238
-10.8449
-13.8806
-24.8792
-5.25699
-2.21097
-33.054
-20.1321
-3.0223
-1.31743
19.3149
20.0685
-23.1537
-2.89101
-23.6776
-9.42888
-7.71383
-13.0711
-48.3689
22.1104
-8.83636
-30.7685
-17.5524
-5.68121
-16.3708
13.1407
-24.4477
0.00213672
-9.23543
-9.83411
-22.6056
-25.9348
-7.21135
-10.2406
25.418
2.03106
7.95298
-17.7001
4.47648
-44.4212
8.2165
19.969
-27.6913
-1.97075
-18.5737
-25.3862
-21.53
-21.2982
14.4095
-13.5804
-7.41045
-18.031
-19.8556
12.5109
-12.1949
0.824966
-56.1755
-14.0921
-24.795
-40.6227
-17.9778
-14.1034
-3.91726
-3.56696
-15.8807
-12.534
-42.0791
-11.3216
2.61339
24.6192
-13.0126
-8.73383
7.22853
-43.4778
-13.1007
-29.6701
-17.3152
32.9963
13.6768
-25.7076
-8.86046
13.682
-1.27498
-23.9033
3.39354
0.852865
-27.3342
-31.0104
-22.1545
-15.8479
-20.0851
-9.96059
-18.5747
-6.91785
15.8746
-35.8137
4.05961
13.0347
6.60214
-17.1992
34.4354
-8.75249
-22.0364
-15.8027
-5.33369
-9.32263
-17.2773
-6.91408
11.1982
-2.67068
-8.59333
-9.96505
19.8705
-17.7291
11.3405
-0.132503
3.55033
-9.74299
-20.8309
8.79588
1.37811
-0.689711
-3.80668
-6.11407
-40.9593
-13.5644
-26.0765
-6.54835
14.4291
-5.40836
-8.6699
16.3693
13.1335
-16.3986
-12.6801
-28.1912
-17.9022
-12.8603
-39.8109
-27.0208
4.16926
-18.0391
-13.4996
1.27682
14.0559
10.4468
-34.7813
-1.75207
-20.2048
12.5921
-10.7257
-31.0554
-1.4022
15.7147
4.18866
22.4442
-16.5667
-13.3104
-17.2201
-19.357
-30.7861
11.4226
-5.9844
1.53421
-13.2418
7.45021
10.0285
-25.1955
-29.1528
-23.0271
21.5346
-9.9656
-23.9473
-7.0007
-23.1115
-9.39195
-50.1886
-17.7378
-19.0238
-13.4281
0.772575
-38.5788
-2.34836
-9.91038
-16.0389
-7.6487
-5.15398
-28.5001
-16.219
19.2002
-2.61198
17.7589
-19.4825
-19.8717
-6.00942
2.17163
-25.1409
-16.5761
-11.2443
-5.71445
-29.0415
15.7782
6.44343
-22.809
17.2613
-5.11808
-8.33336
-15.5183
-16.8115
-49.1041
-30.7731
-3.61212
-29.2107
13.2501
-32.0741
-17.9024
-34.1232
-7.92011
-20.7164
-12.2922
-14.3637
-17.8054
17.5295
-8.22332
9.80926
-43.0811
-23.7463
-28.7598
-23.0692
-15.603
-28.4727
-13.1459
-28.1926
10.4196
15.4241
2.25684
-24.2839
-27.6639
-28.7822
-4.65381
-12.1383
23.2295
-11.0904
-26.1153
-10.1282
-0.138195
-28.0158
0.561184
-6.02101
9.22015
-32.1601
18.9474
-30.2227
-22.2228
10.1814
6.56195
8.10179
-7.71027
-20.0963
-22.4217
-15.2985
-15.0479
34.9285
-16.7362
-18.6387
-7.77958
-12.1526
6.10249
-26.208
-12.7992
12.3337
-6.71534
9.97214
-34.8354
-5.6447
-11.4649
-18.1389
-22.9312
-1.68169
-25.1697
-47.6026
-12.1934
-14.5143
-9.14349
-28.1695
5.26398
16.6823
4.11703
3.8338
-39.0441
18.7267
-25.987
-1.90546
14.4351
-1.69827
-39.9394
-13.9704
3.74109
-20.8725
-26.0876
-2.23345
2.81815
10.9627
-5.78349
4.68477
-8.10077
-15.3711
-13.0867
-22.0091
-1.10841
-1.20438
-9.56678
-26.2853
-27.3041
3.74545
-27.1259
-31.5617
2.73873
41.6267
29.5775
19.0326
10.0161
-25.6441
24.3406
-19.9039
-0.572522
-2.60739
-3.65348
5.81263
-2.19596
18.2305
-7.11136
-21.4234
-11.3284
-2.83048
27.1322
-16.8836
-26.6558
-27.1046
-34.4144
19.2388
-25.5749
8.56049
-19.8683
-7.26031
-10.3799
-13.3626
-0.697477
-4.4378
-19.8895
-20.319
-32.9223
3.46099
2.54199
-27.9977
-18.5059
12.0756
-3.39644
-13.145
4.12234
24.9771
-15.9275
6.08827
-6.192
-40.1959
2.27607
2.16616
-23.1565
7.65712
2.25122
-39.4159
-0.0708151
22.7306
-12.4155
-6.67595
-25.496
-15.9138
1.55829
-19.9375
-13.826
-29.2243
-1.52559
1.82534
-20.5315
-29.7526
-19.9068
-13.9851
6.45525
-22.726
-10.5465
-28.9576
-4.02005
39.6912
-23.6357
-9.07263
-16.6115
-39.0493
10.3922
-5.42678
-28.3976
-12.0621
-18.6142
-0.157788
-3.29086
-3.79586
13.3392
-2.23828
-22.8784
-4.53279
-14.7317
-17.4099
-28.0665
9.44112
-11.3075
-16.1567
-8.05408
-21.0417
-23.2133
-25.9327
-50.5856
-23.4821
11.227
-23.8477
-14.4837
-9.39274
22.724
-0.56848
-6.37302
-38.371
-17.6204
-6.49474
-23.3309
-12.3496
-19.3553
-1.36427
-42.0749
-4.81611
-14.0771
-17.2537
-33.1917
-38.6841
3.67813
-4.01343
-19.7731
-36.3186
-34.8383
-18.3394
2.26622
4.5947
-36.9268
-19.6085
16.0625
20.9127
-12.4102
-12.0924
-16.6726
-28.874
-8.79714
-13.0053
17.1439
-1.55757
-13.6306
-24.5862
-25.101
-11.6334
-39.631
-7.72905
-36.7356
-16.0179
-4.72525
11.4616
-1.8183
-7.65271
-21.0594
-2.93701
3.48227
-23.5395
-13.5576
-5.49264
1.57788
-3.27968
-13.2681
-5.02626
-20.9034
-27.9236
-26.7089
-13.5421
-13.1211
-24.7818
-11.0612
2.98815
-32.2898
20.0787
-10.8643
-28.0326
1.60324
-3.39737
-3.48719
3.70472
-18.0984
-24.1489
0.463044
1.55544
-2.20496
-0.55788
3.79152
8.03052
-12.9042
-44.9521
-30.111
21.1802
16.7581
-20.0391
22.5179
-45.6622
-29.2382
-2.56601
-40.463
6.28243
-21.4311
-24.4274
3.02442
-2.65547
3.51671
46.9218
3.10281
-10.7133
-16.0793
5.4945
-49.7634
-11.9301
-3.78437
-16.9289
-23.9342
-7.57642
24.3915
-5.89463
-22.1079
-23.6328
-14.0739
3.8495
7.50883
-20.6725
-12.3835
-16.4977
-30.8031
-22.8752
10.2035
-11.7812
-0.585243
-23.3417
-5.15702
-16.9926
-0.437061
-36.3078
9.4967
-17.167
12.1776
-0.584076
-36.698
-16.9352
23.5271
-10.4147
-22.6204
-25.3459
-30.8443
7.85897
-16.1998
-32.537
-24.2294
-38.3872
15.943
0.191291
-23.8237
11.8682
5.71902
-12.6434
-6.80628
4.61226
-15.3671
-27.965
-11.8098
0.198881
-14.0909
-12.1872
8.02555
2.45934
1.06575
-21.2832
-0.573162
-29.223
-20.9038
-1.20913
-29.275
22.2416
-28.0031
-36.4351
-39.7211
-36.0685
-14.9383
-21.4471
-13.6087
-5.08754
7.6037
-15.9295
-30.1392
15.1623
-30.976
-5.24393
9.0652
19.2144
12.7259
0.384882
-20.1599
-17.894
-23.5661
-5.79172
-38.3523
-27.171
-13.0998
-21.6032
14.639
3.60906
10.7355
1.60281
15.8726
15.6696
-9.45005
22.8219
-10.0261
15.5033
-5.55149
-15.8043
16.5101
-9.30798
8.2539
2.6529
-2.24935
-4.55316
-20.727
-22.9555
3.59578
-9.20716
-0.283469
-8.87384
-9.90798
-8.09445
0.955134
6.61524
10.6937
-30.2494
-25.6707
19.6481
-3.77786
-12.0474
-43.382
7.72853
-7.26249
-7.02679
-18.6234
-46.9877
-14.9443
27.628
-9.97363
-11.9619
8.02456
21.7561
-12.5216
-8.62639
-13.8305
14.4688
17.8546
-16.8094
-3.64851
-20.7721
5.28587
0.263372
-54.5062
-7.54087
24.663
-3.36601
-32.287
1.49845
-41.1183
-25.9945
-7.93145
-27.2292
-27.5627
-13.6487
-23.9335
-13.2302
-42.8193
-6.30348
-24.9973
-1.2403
-27.0193
-8.42629
-29.0656
-18.8974
-7.00386
-14.8518
-43.7967
-30.8288
-23.2298
-19.547
-21.4435
-6.5951
-9.16255
-3.45429
-9.11838
-25.3638
-17.6006
-8.99854
-3.23865
-30.4878
-41.0794
-0.253217
14.1651
-26.9178
-9.33389
-2.80356
-22.8149
-3.14336
-47.6694
-4.42946
6.49033
-8.4862
-9.88851
23.1781
-22.1424
-22.3276
0.682971
11.8454
-42.6595
-18.0108
-19.9194
5.81474
11.7764
-18.6147
-55.126
-17.7903
-1.88253
-29.0185
-20.3003
-9.26441
-2.79567
-5.26302
-10.4269
-11.2864
-6.32052
-51.1504
-32.8797
-31.8362
-18.5248
-25.4653
-22.4987
-31.7807
14.4682
-26.3544
-7.58573
2.68535
0.235307
-32.462
-15.7249
-13.814
-22.266
-22.3763
-10.5708
10.3371
0.903432
7.01714
30.2504
-40.5495
-20.7215
1.52461
-15.0326
-12.3257
-24.0473
-52.2357
-27.2909
-25.732
-31.04
-7.60645
-0.374854
-7.01032
-31.253
-28.1146
-24.2748
-11.5508
-5.53041
-5.97039
-29.923
-11.7284
0.264822
-9.98424
-8.53331
7.2341
-13.8054
14.1231
24.1114
-23.402
-11.8441
-1.02844
15.9737
0.0974241
-1.64411
-36.7732
-6.98451
-4.24552
-7.50826
-19.2524
-30.8961
-0.511858
-28.7519
24.1218
-2.43458
12.2712
-11.9904
8.55564
-8.84784
-32.7107
-12.9908
-5.74991
-17.6115
-31.8741
-34.7895
-6.90842
-23.625
4.31306
-25.9188
-31.2641
-19.1439
-2.77249
-18.9108
-44.3929
-35.99
-19.654
-3.62841
-25.7895
-29.2786
-13.9756
-6.07073
-13.0254
-28.7584
-11.5845
-20.1855
-13.6522
-2.36344
-11.0221
12.4783
-1.82766
-4.00796
-4.84423
12.1722
-10.6877
22.4228
-6.7328
-6.82066
18.8925
3.20356
-14.828
-16.5457
7.38606
-14.2413
-14.9325
7.21548
-23.1975
-5.3925
-32.8087
0.885636
-14.3548
-19.0226
4.90074
-27.7703
0.254648
-6.19861
-16.8859
-11.7425
-7.34345
-10.4753
-0.996529
-3.24388
18.2535
-2.5653
-11.4473
-11.7392
-10.0464
-14.6012
-35.1658
-32.5343
2.47311
-13.4044
-27.532
19.6041
-35.7374
-16.3247
12.5987
-24.8816
-22.2749
-18.0106
-15.4389
0.50515
-3.80555
-27.0081
18.0665
13.7687
-22.5771
-15.5099
21.1158
23.1168
-31.7125
-12.6849
9.69778
1.41064
-14.0539
-3.48911
-32.4216
-18.5481
-26.0673
20.413
-51.2135
-27.2815
-10.0481
18.8184
-5.42602
-6.61957
-4.41899
-18.7377
-17.2279
-18.5328
-34.3723
-6.07427
2.90985
12.9489
-16.2722
Al menos uno mayor que 9.0
El primer elemento mayor que 3.0 es 6.10266
